            Df Sum Sq Mean Sq F value Pr(>F)
al           3 0.5137 0.17123   2.346   0.12
Residuals   13 0.9487 0.07297               
 pairs               prob   y z
 (1,1) 0.25*0.25 = 0.0625 1.5 1
 (1,2)    0.25*0.2 = 0.05 2.5 2
 (1,3) 0.25*0.25 = 0.0625 3.5 3
 (1,4)   0.25*0.1 = 0.025 4.5 4
 (1,5) 0.25*0.15 = 0.0375 5.5 5
 (1,6) 0.25*0.05 = 0.0125 6.5 6
 (2,1)    0.2*0.25 = 0.05 2.0 2
 (2,2)     0.2*0.2 = 0.04 3.0 2
 (2,3)    0.2*0.25 = 0.05 4.0 3
 (2,4)     0.2*0.1 = 0.02 5.0 4
 (2,5)    0.2*0.15 = 0.03 6.0 5
 (2,6)    0.2*0.05 = 0.01 7.0 6
 (3,1) 0.25*0.25 = 0.0625 2.5 3
 (3,2)    0.25*0.2 = 0.05 3.5 3
 (3,3) 0.25*0.25 = 0.0625 4.5 3
 (3,4)   0.25*0.1 = 0.025 5.5 4
 (3,5) 0.25*0.15 = 0.0375 6.5 5
 (3,6) 0.25*0.05 = 0.0125 7.5 6
 (4,1)   0.1*0.25 = 0.025 3.0 4
 (4,2)     0.1*0.2 = 0.02 4.0 4
 (4,3)   0.1*0.25 = 0.025 5.0 4
 (4,4)     0.1*0.1 = 0.01 6.0 4
 (4,5)   0.1*0.15 = 0.015 7.0 5
 (4,6)   0.1*0.05 = 0.005 8.0 6
 (5,1) 0.15*0.25 = 0.0375 3.5 5
 (5,2)    0.15*0.2 = 0.03 4.5 5
 (5,3) 0.15*0.25 = 0.0375 5.5 5
 (5,4)   0.15*0.1 = 0.015 6.5 5
 (5,5) 0.15*0.15 = 0.0225 7.5 5
 (5,6) 0.15*0.05 = 0.0075 8.5 6
 (6,1) 0.05*0.25 = 0.0125 4.0 6
 (6,2)    0.05*0.2 = 0.01 5.0 6
 (6,3) 0.05*0.25 = 0.0125 6.0 6
 (6,4)   0.05*0.1 = 0.005 7.0 6
 (6,5) 0.05*0.15 = 0.0075 8.0 6
 (6,6) 0.05*0.05 = 0.0025 9.0 6
 [1] 1.5 2.0 2.5 3.0 3.5 4.0 4.5 5.0 5.5 6.0 6.5 7.0 7.5 8.0 8.5 9.0
[1] 0.0625
[1] 0.05
[1] 0.1125
[1] 0.065
[1] 0.15
[1] 0.0825
[1] 0.1175
[1] 0.055
[1] 0.1
[1] 0.0525
[1] 0.065
[1] 0.03
[1] 0.035
[1] 0.0125
[1] 0.0075
[1] 0.0025
   y probability
 1.5      0.0625
 2.0      0.0500
 2.5      0.1125
 3.0      0.0650
 3.5      0.1500
 4.0      0.0825
 4.5      0.1175
 5.0      0.0550
 5.5      0.1000
 6.0      0.0525
 6.5      0.0650
 7.0      0.0300
 7.5      0.0350
 8.0      0.0125
 8.5      0.0075
 9.0      0.0025
 [1] 1.5 2.0 2.5 3.0 3.5 4.0 4.5 5.0 5.5 6.0 6.5 7.0 7.5 8.0 8.5 9.0
 [1] 0.0625 0.0500 0.1125 0.0650 0.1500 0.0825 0.1175 0.0550 0.1000 0.0525
[11] 0.0650 0.0300 0.0350 0.0125 0.0075 0.0025
